Inh
13 
68 
20 
34 
7 
13 
11 
4 
3668 
977 
51 
14 
220 
24 
206 
60 
221 
40 
0 
31 
0 
34 
0 
0 
0 
0 
0 
25 
46 
0 
0 
0 
0 
0 
88 
0 
0 
0 
1 
0 
0 
1 
0 
1 
1 
0 
0 
0 
0 
0 
0 
0 
4 
0 
200 
0 
1 
0 
0 
1 
1 
1 
1 
4 
1 
0 
0 
0 
0 
0 
1 
0 
8 
1 
4 
1 
-1 
0 
0 
1 
4 
1 
1 
1 
1 
1 
2 
0 
0 
13 
0 
2 
5 
-1 
0 
0 
1 
1 
0 
4 
0 
1 
0 
0 
0 
0 
24 
0 
8 
0 
1 
0 
0 
0 
0 
1 
0 
0 
0 
2 
1 
0 
3 
0 
0 
0 
0 
1 
3 
1 
0 
1 
2 
0 
1 
1 
1 
3 
1 
0 
1 
1 
0 
0 
0 
0 
0 
0 
0 
0 
0 
0 
0 
0 
0 
0 
0 
0 
0 
1 
0 
1 
0 
0 
0 
0 
0 
0 
0 
0 
0 
0 
0 
0 
0 
0 
0 
0 
0 
0 
0 
0 
0 
0 
0 
0 
0 
0 
0 
0 
0 
0 
0 
0 
0 
0 
0 
0 
0 
0 
0 
0 
0 
0 
0 
0 
0 
0 
0 
0 
0 
0 
0 
0 
0 
0 
0 
0 
0 
0 
0 
0 
0 
0 
0 
0 
0 
0 
0 
205 
48 
15 
3 
11 
17 
0 
0 
0 
0 
0 
0 
0 
0 
0 
0 
0 
0 
0 
0 
0 
0 
0 
0 
0 
0 
0 
0 
0 
0 
0 
0 
0 
0 
0 
0 
0 
0 
0 
0 
0 
0 
0 
0 
0 
0 
0 
0 
0 
0 
1 
0 
0 
0 
1 
0 
0 
0 
0 
0 
1 
0 
0 
0 
0 
8 
0 
0 
0 
1 
1 
0 
0 
0 
0 
2 
0 
0 
0 
1 
0 
0 
0 
0 
0 
0 
0 
0 
0 
1 
0 
0 
0 
0 
0 
0 
0 
0 
0 
0 
15 
28 
0 
0 
0 
0 
0 
0 
0 
0 
999 
0 
0 
0 
0 
0 
0 
0 
0 
0 
0 
0 
0 
0 
0 
0 
0 
0 
0 
0 
0 
0 
0 
0 
0 
0 
0 
0 
0 
0 
0 
0 
0 
0 
0 
0 
0 
0 
0 
0 
1 
-284 
1 
0 
2 
1 
1 
3 
3 
0 
0 
0 
0 
0 
0 
0 
0 
0 
0 
26 
2 
0 
0 
1 
1 
1 
0 
0 
0 
0 
0 
0 
10 
0 
0 
2 
1 
0 
0 
0 
0 
0 
0 
0 
0 
6 
6 
1 
5 
1 
1 
0 
1 
0 
0 
0 
0 
0 
4 
1 
0 
0 
0 
0 
0 
0 
1 
1 
0 
1 
0 
3 
0 
0 
0 
0 
0 
0 
0 
0 
0 
0 
0 
0 
1 
2 
3 
0 
0 
0 
1 
0 
0 
0 
1 
0 
0 
0 
0 
0 
0 
0 
0 
0 
0 
0 
0 
0 
1 
3 
2 
1 
0 
0 
0 
0 
0 
0 
0 
0 
0 
0 
0 
0 
0 
0 
0 
0 
0 
0 
0 
0 
0 
0 
0 
0 
0 
0 
0 
0 
0 
0 
0 
0 
0 
0 
5 
0 
0 
0 
0 
0 
0 
0 
0 
0 
0 
0 
0 
0 
0 
0 
185 
1 
1 
1 
296 
196 
515024 