Inh
13 
68 
20 
34 
12 
13 
11 
4 
3668 
97915 
51 
43 
221 
0 
220 
0 
206 
0 
0 
0 
0 
0 
0 
0 
0 
0 
0 
49 
46 
0 
0 
0 
0 
0 
88 
0 
0 
0 
1 
0 
0 
1 
0 
1 
0 
0 
0 
0 
0 
7 
0 
0 
4 
0 
224 
0 
1 
0 
0 
1 
1 
1 
1 
4 
1 
0 
0 
0 
0 
0 
1 
0 
8 
1 
4 
1 
-1 
0 
0 
1 
4 
1 
1 
1 
1 
1 
2 
0 
0 
25 
0 
2 
5 
-1 
0 
0 
1 
1 
0 
4 
0 
1 
0 
0 
0 
0 
24 
0 
8 
0 
1 
0 
0 
0 
0 
1 
0 
0 
0 
2 
1 
0 
3 
0 
0 
0 
0 
1 
3 
1 
0 
1 
2 
0 
1 
1 
1 
3 
1 
0 
1 
1 
0 
0 
0 
0 
0 
0 
0 
0 
0 
0 
0 
0 
0 
0 
0 
0 
0 
1 
0 
1 
0 
0 
0 
0 
0 
0 
0 
0 
0 
0 
0 
0 
0 
0 
0 
0 
0 
0 
0 
0 
0 
0 
0 
0 
0 
0 
0 
0 
0 
0 
0 
0 
0 
0 
0 
0 
0 
0 
0 
0 
0 
0 
0 
0 
0 
0 
0 
0 
0 
0 
0 
0 
0 
0 
0 
0 
0 
0 
0 
0 
0 
0 
0 
0 
0 
0 
0 
205 
51 
15 
3 
11 
17 
0 
0 
0 
0 
0 
0 
0 
0 
0 
0 
0 
0 
0 
0 
0 
0 
0 
0 
0 
0 
0 
0 
0 
0 
0 
0 
0 
0 
0 
0 
0 
0 
0 
0 
0 
0 
0 
0 
0 
0 
0 
0 
0 
0 
1 
0 
0 
0 
1 
0 
0 
0 
0 
0 
1 
0 
0 
0 
0 
8 
0 
0 
0 
1 
1 
0 
0 
0 
0 
2 
0 
0 
0 
1 
0 
0 
0 
0 
0 
0 
0 
0 
0 
1 
0 
0 
0 
0 
0 
0 
0 
0 
0 
0 
15 
33 
0 
0 
0 
0 
0 
0 
0 
0 
0 
0 
30 
33 
60 
14 
24 
17 
25 
28 
40 
32 
999 
0 
0 
0 
0 
0 
0 
0 
0 
0 
0 
0 
0 
0 
0 
0 
0 
0 
0 
0 
0 
0 
0 
0 
0 
0 
0 
0 
1 
-284 
1 
0 
2 
1 
1 
3 
3 
0 
0 
0 
0 
0 
0 
0 
0 
0 
0 
26 
2 
0 
0 
1 
1 
1 
0 
0 
0 
0 
0 
0 
10 
0 
0 
2 
1 
0 
0 
0 
0 
0 
0 
0 
0 
6 
6 
1 
5 
1 
1 
0 
1 
0 
0 
0 
0 
0 
4 
1 
0 
0 
0 
0 
0 
0 
1 
1 
0 
1 
0 
3 
0 
0 
0 
0 
0 
0 
0 
0 
2 
1 
1 
0 
1 
2 
3 
0 
0 
0 
1 
0 
1 
0 
1 
1 
0 
0 
0 
0 
0 
0 
0 
0 
0 
0 
0 
0 
1 
3 
2 
1 
0 
0 
0 
0 
0 
0 
0 
0 
0 
0 
0 
0 
0 
0 
0 
0 
0 
0 
0 
0 
0 
0 
0 
0 
0 
0 
0 
0 
0 
0 
1 
0 
0 
0 
5 
0 
0 
0 
0 
0 
0 
0 
0 
0 
0 
0 
0 
0 
0 
0 
199 
1 
1 
1 
335 
219 
599231 